tensor([[-9.28489e+08,  0.00000e+00,  1.18774e+09,  2.82868e+08, -8.25080e+08,
          0.00000e+00,  0.00000e+00,  0.00000e+00,  8.19480e+08,  6.27072e+05,
          1.83820e+09,  0.00000e+00,  0.00000e+00, -2.18382e+08,  1.98701e+09,
          0.00000e+00, -3.64622e+08, -5.80736e+08,  0.00000e+00,  0.00000e+00,
          1.08101e+07]])	
tensor([[ 0.00000e+00,  0.00000e+00,  1.74149e+08,  7.67417e+07,  0.00000e+00,
          0.00000e+00,  0.00000e+00,  0.00000e+00,  0.00000e+00,  7.07105e+08,
          0.00000e+00,  0.00000e+00,  1.20553e+09,  0.00000e+00, -9.90885e+08,
          0.00000e+00,  4.30159e+08,  0.00000e+00,  2.88395e+08,  0.00000e+00,
          8.85070e+07]])	
tensor([[ 3.07561e+08,  0.00000e+00, -4.24135e+08,  0.00000e+00,  0.00000e+00,
          1.80740e+08,  3.42103e+08,  0.00000e+00,  2.05980e+08,  0.00000e+00,
          3.74284e+08,  0.00000e+00,  0.00000e+00,  1.73039e+08, -3.70079e+08,
          0.00000e+00,  3.63923e+08,  0.00000e+00,  0.00000e+00, -3.07889e+08,
         -6.69638e+07]])	
tensor([[ 1.01972e+07,  0.00000e+00,  0.00000e+00,  0.00000e+00,  8.00438e+07,
          0.00000e+00,  0.00000e+00,  0.00000e+00,  0.00000e+00, -3.95571e+07,
          0.00000e+00,  8.60648e+07,  1.28643e+08,  0.00000e+00,  8.87961e+07,
          1.02218e+08,  0.00000e+00,  0.00000e+00,  7.54137e+07,  1.43853e+07,
         -7.93793e+07]])	
tensor([[        0., -25055084.,         0., -11628833.,  -7783785.,         0.,
                 0.,  14905081.,  27649660.,         0., -22849366.,         0.,
          44853744.,  53472740.,         0.,         0.,         0.,         0.,
                 0.,         0.,         0.]])	
tensor([[ 17057676.00000,         0.00000,   7395194.00000,  -4885220.00000,
          24927454.00000,         0.00000,  32948824.00000,  -7252894.50000,
                 0.00000,   7174231.50000,         0.00000, -11737737.00000,
                 0.00000,         0.00000, -25095842.00000,         0.00000,
          -1347500.00000,         0.00000,         0.00000,         0.00000,
                 0.00000]])	
tensor([[  7677844.00000,  -2499449.00000,         0.00000,   7883169.00000,
         -10187418.00000,         0.00000,         0.00000,         0.00000,
                 0.00000,         0.00000,    183896.81250,         0.00000,
           1402335.75000,  10451815.00000,         0.00000,  -2062051.00000,
           1533163.50000,   5558560.50000,         0.00000,         0.00000,
                 0.00000]])	
tensor([[ 1740261.75000,        0.00000,        0.00000,        0.00000,
          -271096.90625,   854940.12500, -1608134.50000,        0.00000,
          1704543.00000,        0.00000,        0.00000,        0.00000,
                0.00000,  2847470.50000, -2795527.50000,  1422294.00000,
                0.00000,   893679.62500,   566701.75000,        0.00000,
                0.00000]])	
tensor([[ -440125.15625,   846640.37500,   604692.25000,   706776.37500,
            48956.32031,        0.00000,   -66302.64062,        0.00000,
                0.00000,  -214833.31250,        0.00000, -1314005.50000,
                0.00000,        0.00000,        0.00000,   -48844.81250,
          -107135.31250,        0.00000,   145975.92188,  -147866.93750,
                0.00000]])	
tensor([[      0.00000,       0.00000,       0.00000,  151341.68750,
           82659.84375,       0.00000,  -27795.93750,       0.00000,
          239855.65625,  218344.35938,       0.00000,  -96075.78906,
               0.00000,  111623.63281,       0.00000,  106611.59375,
          111817.60938,       0.00000,       0.00000,       0.00000,
         -143663.50000]])	
tensor([[172158.75000]])	
