tensor([[-5.53375e+08,  0.00000e+00,  7.07888e+08,  1.68588e+08, -4.91744e+08,
          0.00000e+00,  0.00000e+00,  0.00000e+00,  4.88407e+08,  3.73732e+05,
          1.09556e+09,  0.00000e+00,  0.00000e+00, -1.30155e+08,  1.18425e+09,
          0.00000e+00, -2.17313e+08, -3.46116e+08,  0.00000e+00,  0.00000e+00,
          6.44276e+06],
        [-7.88835e+08,  0.00000e+00,  1.00909e+09,  2.40322e+08, -7.00980e+08,
          0.00000e+00,  0.00000e+00,  0.00000e+00,  6.96222e+08,  5.32754e+05,
          1.56172e+09,  0.00000e+00,  0.00000e+00, -1.85535e+08,  1.68815e+09,
          0.00000e+00, -3.09779e+08, -4.93387e+08,  0.00000e+00,  0.00000e+00,
          9.18414e+06],
        [-8.27262e+08,  0.00000e+00,  1.05825e+09,  2.52029e+08, -7.35127e+08,
          0.00000e+00,  0.00000e+00,  0.00000e+00,  7.30138e+08,  5.58707e+05,
          1.63779e+09,  0.00000e+00,  0.00000e+00, -1.94573e+08,  1.77038e+09,
          0.00000e+00, -3.24870e+08, -5.17422e+08,  0.00000e+00,  0.00000e+00,
          9.63153e+06],
        [-8.65403e+08,  0.00000e+00,  1.10704e+09,  2.63649e+08, -7.69020e+08,
          0.00000e+00,  0.00000e+00,  0.00000e+00,  7.63800e+08,  5.84466e+05,
          1.71330e+09,  0.00000e+00,  0.00000e+00, -2.03544e+08,  1.85200e+09,
          0.00000e+00, -3.39848e+08, -5.41277e+08,  0.00000e+00,  0.00000e+00,
          1.00756e+07],
        [-1.67890e+07,  0.00000e+00,  2.14768e+07,  5.11485e+06, -1.49192e+07,
          0.00000e+00,  0.00000e+00,  0.00000e+00,  1.48179e+07,  1.13388e+04,
          3.32385e+07,  0.00000e+00,  0.00000e+00, -3.94880e+06,  3.59293e+07,
          0.00000e+00, -6.59313e+06, -1.05009e+07,  0.00000e+00,  0.00000e+00,
          1.95469e+05],
        [-2.30373e+06,  0.00000e+00,  2.94698e+06,  7.01842e+05, -2.04716e+06,
          0.00000e+00,  0.00000e+00,  0.00000e+00,  2.03326e+06,  1.55587e+03,
          4.56088e+06,  0.00000e+00,  0.00000e+00, -5.41841e+05,  4.93010e+06,
          0.00000e+00, -9.04687e+05, -1.44090e+06,  0.00000e+00,  0.00000e+00,
          2.68216e+04],
        [-7.61522e+07,  0.00000e+00,  9.74152e+07,  2.32001e+07, -6.76708e+07,
          0.00000e+00,  0.00000e+00,  0.00000e+00,  6.72115e+07,  5.14308e+04,
          1.50764e+08,  0.00000e+00,  0.00000e+00, -1.79111e+07,  1.62969e+08,
          0.00000e+00, -2.99053e+07, -4.76304e+07,  0.00000e+00,  0.00000e+00,
          8.86614e+05],
        [-6.89167e+08,  0.00000e+00,  8.81595e+08,  2.09958e+08, -6.12412e+08,
          0.00000e+00,  0.00000e+00,  0.00000e+00,  6.08256e+08,  4.65442e+05,
          1.36440e+09,  0.00000e+00,  0.00000e+00, -1.62093e+08,  1.47485e+09,
          0.00000e+00, -2.70639e+08, -4.31049e+08,  0.00000e+00,  0.00000e+00,
          8.02374e+06],
        [-4.54694e+08,  0.00000e+00,  5.81652e+08,  1.38524e+08, -4.04053e+08,
          0.00000e+00,  0.00000e+00,  0.00000e+00,  4.01311e+08,  3.07086e+05,
          9.00192e+08,  0.00000e+00,  0.00000e+00, -1.06945e+08,  9.73067e+08,
          0.00000e+00, -1.78561e+08, -2.84394e+08,  0.00000e+00,  0.00000e+00,
          5.29384e+06],
        [-7.22552e+08,  0.00000e+00,  9.24301e+08,  2.20129e+08, -6.42079e+08,
          0.00000e+00,  0.00000e+00,  0.00000e+00,  6.37721e+08,  4.87989e+05,
          1.43049e+09,  0.00000e+00,  0.00000e+00, -1.69945e+08,  1.54630e+09,
          0.00000e+00, -2.83750e+08, -4.51930e+08,  0.00000e+00,  0.00000e+00,
          8.41242e+06]])	
tensor([[ 0.00000e+00,  0.00000e+00,  1.66798e+08,  7.35023e+07,  0.00000e+00,
          0.00000e+00,  0.00000e+00,  0.00000e+00,  0.00000e+00,  6.77257e+08,
          0.00000e+00,  0.00000e+00,  1.15465e+09,  0.00000e+00, -9.49058e+08,
          0.00000e+00,  4.12002e+08,  0.00000e+00,  2.76222e+08,  0.00000e+00,
          8.47710e+07],
        [ 0.00000e+00,  0.00000e+00,  0.00000e+00,  0.00000e+00,  0.00000e+00,
          0.00000e+00,  0.00000e+00,  0.00000e+00,  0.00000e+00,  0.00000e+00,
          0.00000e+00,  0.00000e+00,  0.00000e+00,  0.00000e+00, -0.00000e+00,
          0.00000e+00,  0.00000e+00,  0.00000e+00,  0.00000e+00,  0.00000e+00,
          0.00000e+00],
        [ 0.00000e+00,  0.00000e+00,  9.02714e+08,  3.97796e+08,  0.00000e+00,
          0.00000e+00,  0.00000e+00,  0.00000e+00,  0.00000e+00,  3.66533e+09,
          0.00000e+00,  0.00000e+00,  6.24897e+09,  0.00000e+00, -5.13632e+09,
          0.00000e+00,  2.22976e+09,  0.00000e+00,  1.49492e+09,  0.00000e+00,
          4.58783e+08],
        [ 0.00000e+00,  0.00000e+00,  4.79732e+08,  2.11402e+08,  0.00000e+00,
          0.00000e+00,  0.00000e+00,  0.00000e+00,  0.00000e+00,  1.94788e+09,
          0.00000e+00,  0.00000e+00,  3.32091e+09,  0.00000e+00, -2.72961e+09,
          0.00000e+00,  1.18497e+09,  0.00000e+00,  7.94449e+08,  0.00000e+00,
          2.43812e+08],
        [ 0.00000e+00,  0.00000e+00,  4.78345e+08,  2.10791e+08,  0.00000e+00,
          0.00000e+00,  0.00000e+00,  0.00000e+00,  0.00000e+00,  1.94225e+09,
          0.00000e+00,  0.00000e+00,  3.31131e+09,  0.00000e+00, -2.72172e+09,
          0.00000e+00,  1.18154e+09,  0.00000e+00,  7.92152e+08,  0.00000e+00,
          2.43108e+08],
        [ 0.00000e+00,  0.00000e+00,  0.00000e+00,  0.00000e+00,  0.00000e+00,
          0.00000e+00,  0.00000e+00,  0.00000e+00,  0.00000e+00,  0.00000e+00,
          0.00000e+00,  0.00000e+00,  0.00000e+00,  0.00000e+00, -0.00000e+00,
          0.00000e+00,  0.00000e+00,  0.00000e+00,  0.00000e+00,  0.00000e+00,
          0.00000e+00],
        [ 0.00000e+00,  0.00000e+00,  0.00000e+00,  0.00000e+00,  0.00000e+00,
          0.00000e+00,  0.00000e+00,  0.00000e+00,  0.00000e+00,  0.00000e+00,
          0.00000e+00,  0.00000e+00,  0.00000e+00,  0.00000e+00, -0.00000e+00,
          0.00000e+00,  0.00000e+00,  0.00000e+00,  0.00000e+00,  0.00000e+00,
          0.00000e+00],
        [ 0.00000e+00,  0.00000e+00,  0.00000e+00,  0.00000e+00,  0.00000e+00,
          0.00000e+00,  0.00000e+00,  0.00000e+00,  0.00000e+00,  0.00000e+00,
          0.00000e+00,  0.00000e+00,  0.00000e+00,  0.00000e+00, -0.00000e+00,
          0.00000e+00,  0.00000e+00,  0.00000e+00,  0.00000e+00,  0.00000e+00,
          0.00000e+00],
        [ 0.00000e+00,  0.00000e+00,  1.73516e+08,  7.64626e+07,  0.00000e+00,
          0.00000e+00,  0.00000e+00,  0.00000e+00,  0.00000e+00,  7.04534e+08,
          0.00000e+00,  0.00000e+00,  1.20115e+09,  0.00000e+00, -9.87282e+08,
          0.00000e+00,  4.28595e+08,  0.00000e+00,  2.87347e+08,  0.00000e+00,
          8.81852e+07],
        [ 0.00000e+00,  0.00000e+00,  1.79703e+08,  7.91890e+07,  0.00000e+00,
          0.00000e+00,  0.00000e+00,  0.00000e+00,  0.00000e+00,  7.29655e+08,
          0.00000e+00,  0.00000e+00,  1.24398e+09,  0.00000e+00, -1.02248e+09,
          0.00000e+00,  4.43877e+08,  0.00000e+00,  2.97592e+08,  0.00000e+00,
          9.13295e+07],
        [ 0.00000e+00,  0.00000e+00,  1.89422e+08,  8.34722e+07,  0.00000e+00,
          0.00000e+00,  0.00000e+00,  0.00000e+00,  0.00000e+00,  7.69120e+08,
          0.00000e+00,  0.00000e+00,  1.31126e+09,  0.00000e+00, -1.07779e+09,
          0.00000e+00,  4.67886e+08,  0.00000e+00,  3.13688e+08,  0.00000e+00,
          9.62694e+07],
        [ 0.00000e+00,  0.00000e+00,  0.00000e+00,  0.00000e+00,  0.00000e+00,
          0.00000e+00,  0.00000e+00,  0.00000e+00,  0.00000e+00,  0.00000e+00,
          0.00000e+00,  0.00000e+00,  0.00000e+00,  0.00000e+00, -0.00000e+00,
          0.00000e+00,  0.00000e+00,  0.00000e+00,  0.00000e+00,  0.00000e+00,
          0.00000e+00],
        [ 0.00000e+00,  0.00000e+00,  0.00000e+00,  0.00000e+00,  0.00000e+00,
          0.00000e+00,  0.00000e+00,  0.00000e+00,  0.00000e+00,  0.00000e+00,
          0.00000e+00,  0.00000e+00,  0.00000e+00,  0.00000e+00, -0.00000e+00,
          0.00000e+00,  0.00000e+00,  0.00000e+00,  0.00000e+00,  0.00000e+00,
          0.00000e+00],
        [ 0.00000e+00,  0.00000e+00,  7.83234e+07,  3.45145e+07,  0.00000e+00,
          0.00000e+00,  0.00000e+00,  0.00000e+00,  0.00000e+00,  3.18020e+08,
          0.00000e+00,  0.00000e+00,  5.42188e+08,  0.00000e+00, -4.45650e+08,
          0.00000e+00,  1.93464e+08,  0.00000e+00,  1.29706e+08,  0.00000e+00,
          3.98060e+07],
        [ 0.00000e+00,  0.00000e+00,  4.61611e+08,  2.03417e+08,  0.00000e+00,
          0.00000e+00,  0.00000e+00,  0.00000e+00,  0.00000e+00,  1.87430e+09,
          0.00000e+00,  0.00000e+00,  3.19547e+09,  0.00000e+00, -2.62651e+09,
          0.00000e+00,  1.14021e+09,  0.00000e+00,  7.64440e+08,  0.00000e+00,
          2.34603e+08],
        [ 0.00000e+00,  0.00000e+00,  0.00000e+00,  0.00000e+00,  0.00000e+00,
          0.00000e+00,  0.00000e+00,  0.00000e+00,  0.00000e+00,  0.00000e+00,
          0.00000e+00,  0.00000e+00,  0.00000e+00,  0.00000e+00, -0.00000e+00,
          0.00000e+00,  0.00000e+00,  0.00000e+00,  0.00000e+00,  0.00000e+00,
          0.00000e+00],
        [ 0.00000e+00,  0.00000e+00,  5.38338e+07,  2.37228e+07,  0.00000e+00,
          0.00000e+00,  0.00000e+00,  0.00000e+00,  0.00000e+00,  2.18584e+08,
          0.00000e+00,  0.00000e+00,  3.72660e+08,  0.00000e+00, -3.06307e+08,
          0.00000e+00,  1.32973e+08,  0.00000e+00,  8.91501e+07,  0.00000e+00,
          2.73597e+07],
        [ 0.00000e+00,  0.00000e+00,  4.91932e+07,  2.16778e+07,  0.00000e+00,
          0.00000e+00,  0.00000e+00,  0.00000e+00,  0.00000e+00,  1.99742e+08,
          0.00000e+00,  0.00000e+00,  3.40537e+08,  0.00000e+00, -2.79903e+08,
          0.00000e+00,  1.21511e+08,  0.00000e+00,  8.14653e+07,  0.00000e+00,
          2.50013e+07],
        [ 0.00000e+00,  0.00000e+00,  0.00000e+00,  0.00000e+00,  0.00000e+00,
          0.00000e+00,  0.00000e+00,  0.00000e+00,  0.00000e+00,  0.00000e+00,
          0.00000e+00,  0.00000e+00,  0.00000e+00,  0.00000e+00, -0.00000e+00,
          0.00000e+00,  0.00000e+00,  0.00000e+00,  0.00000e+00,  0.00000e+00,
          0.00000e+00],
        [ 0.00000e+00,  0.00000e+00,  0.00000e+00,  0.00000e+00,  0.00000e+00,
          0.00000e+00,  0.00000e+00,  0.00000e+00,  0.00000e+00,  0.00000e+00,
          0.00000e+00,  0.00000e+00,  0.00000e+00,  0.00000e+00, -0.00000e+00,
          0.00000e+00,  0.00000e+00,  0.00000e+00,  0.00000e+00,  0.00000e+00,
          0.00000e+00],
        [ 0.00000e+00,  0.00000e+00,  1.50798e+08,  6.64516e+07,  0.00000e+00,
          0.00000e+00,  0.00000e+00,  0.00000e+00,  0.00000e+00,  6.12291e+08,
          0.00000e+00,  0.00000e+00,  1.04389e+09,  0.00000e+00, -8.58019e+08,
          0.00000e+00,  3.72480e+08,  0.00000e+00,  2.49725e+08,  0.00000e+00,
          7.66393e+07]])	
tensor([[ 0.00000e+00,  0.00000e+00, -0.00000e+00,  0.00000e+00,  0.00000e+00,
          0.00000e+00,  0.00000e+00,  0.00000e+00,  0.00000e+00,  0.00000e+00,
          0.00000e+00,  0.00000e+00,  0.00000e+00,  0.00000e+00, -0.00000e+00,
          0.00000e+00,  0.00000e+00,  0.00000e+00,  0.00000e+00, -0.00000e+00,
         -0.00000e+00],
        [ 0.00000e+00,  0.00000e+00, -0.00000e+00,  0.00000e+00,  0.00000e+00,
          0.00000e+00,  0.00000e+00,  0.00000e+00,  0.00000e+00,  0.00000e+00,
          0.00000e+00,  0.00000e+00,  0.00000e+00,  0.00000e+00, -0.00000e+00,
          0.00000e+00,  0.00000e+00,  0.00000e+00,  0.00000e+00, -0.00000e+00,
         -0.00000e+00],
        [ 5.22457e+09,  0.00000e+00, -7.20482e+09,  0.00000e+00,  0.00000e+00,
          3.07024e+09,  5.81133e+09,  0.00000e+00,  3.49899e+09,  0.00000e+00,
          6.35800e+09,  0.00000e+00,  0.00000e+00,  2.93943e+09, -6.28657e+09,
          0.00000e+00,  6.18199e+09,  0.00000e+00,  0.00000e+00, -5.23014e+09,
         -1.13752e+09],
        [ 1.48635e+09,  0.00000e+00, -2.04972e+09,  0.00000e+00,  0.00000e+00,
          8.73462e+08,  1.65328e+09,  0.00000e+00,  9.95438e+08,  0.00000e+00,
          1.80881e+09,  0.00000e+00,  0.00000e+00,  8.36247e+08, -1.78849e+09,
          0.00000e+00,  1.75873e+09,  0.00000e+00,  0.00000e+00, -1.48794e+09,
         -3.23617e+08],
        [ 0.00000e+00,  0.00000e+00, -0.00000e+00,  0.00000e+00,  0.00000e+00,
          0.00000e+00,  0.00000e+00,  0.00000e+00,  0.00000e+00,  0.00000e+00,
          0.00000e+00,  0.00000e+00,  0.00000e+00,  0.00000e+00, -0.00000e+00,
          0.00000e+00,  0.00000e+00,  0.00000e+00,  0.00000e+00, -0.00000e+00,
         -0.00000e+00],
        [ 0.00000e+00,  0.00000e+00, -0.00000e+00,  0.00000e+00,  0.00000e+00,
          0.00000e+00,  0.00000e+00,  0.00000e+00,  0.00000e+00,  0.00000e+00,
          0.00000e+00,  0.00000e+00,  0.00000e+00,  0.00000e+00, -0.00000e+00,
          0.00000e+00,  0.00000e+00,  0.00000e+00,  0.00000e+00, -0.00000e+00,
         -0.00000e+00],
        [ 0.00000e+00,  0.00000e+00, -0.00000e+00,  0.00000e+00,  0.00000e+00,
          0.00000e+00,  0.00000e+00,  0.00000e+00,  0.00000e+00,  0.00000e+00,
          0.00000e+00,  0.00000e+00,  0.00000e+00,  0.00000e+00, -0.00000e+00,
          0.00000e+00,  0.00000e+00,  0.00000e+00,  0.00000e+00, -0.00000e+00,
         -0.00000e+00],
        [ 0.00000e+00,  0.00000e+00, -0.00000e+00,  0.00000e+00,  0.00000e+00,
          0.00000e+00,  0.00000e+00,  0.00000e+00,  0.00000e+00,  0.00000e+00,
          0.00000e+00,  0.00000e+00,  0.00000e+00,  0.00000e+00, -0.00000e+00,
          0.00000e+00,  0.00000e+00,  0.00000e+00,  0.00000e+00, -0.00000e+00,
         -0.00000e+00],
        [ 0.00000e+00,  0.00000e+00, -0.00000e+00,  0.00000e+00,  0.00000e+00,
          0.00000e+00,  0.00000e+00,  0.00000e+00,  0.00000e+00,  0.00000e+00,
          0.00000e+00,  0.00000e+00,  0.00000e+00,  0.00000e+00, -0.00000e+00,
          0.00000e+00,  0.00000e+00,  0.00000e+00,  0.00000e+00, -0.00000e+00,
         -0.00000e+00],
        [ 9.93666e+08,  0.00000e+00, -1.37029e+09,  0.00000e+00,  0.00000e+00,
          5.83932e+08,  1.10526e+09,  0.00000e+00,  6.65477e+08,  0.00000e+00,
          1.20923e+09,  0.00000e+00,  0.00000e+00,  5.59053e+08, -1.19565e+09,
          0.00000e+00,  1.17576e+09,  0.00000e+00,  0.00000e+00, -9.94727e+08,
         -2.16346e+08],
        [ 0.00000e+00,  0.00000e+00, -0.00000e+00,  0.00000e+00,  0.00000e+00,
          0.00000e+00,  0.00000e+00,  0.00000e+00,  0.00000e+00,  0.00000e+00,
          0.00000e+00,  0.00000e+00,  0.00000e+00,  0.00000e+00, -0.00000e+00,
          0.00000e+00,  0.00000e+00,  0.00000e+00,  0.00000e+00, -0.00000e+00,
         -0.00000e+00],
        [ 0.00000e+00,  0.00000e+00, -0.00000e+00,  0.00000e+00,  0.00000e+00,
          0.00000e+00,  0.00000e+00,  0.00000e+00,  0.00000e+00,  0.00000e+00,
          0.00000e+00,  0.00000e+00,  0.00000e+00,  0.00000e+00, -0.00000e+00,
          0.00000e+00,  0.00000e+00,  0.00000e+00,  0.00000e+00, -0.00000e+00,
         -0.00000e+00],
        [ 7.77587e+08,  0.00000e+00, -1.07231e+09,  0.00000e+00,  0.00000e+00,
          4.56953e+08,  8.64918e+08,  0.00000e+00,  5.20765e+08,  0.00000e+00,
          9.46279e+08,  0.00000e+00,  0.00000e+00,  4.37484e+08, -9.35649e+08,
          0.00000e+00,  9.20083e+08,  0.00000e+00,  0.00000e+00, -7.78417e+08,
         -1.69300e+08],
        [ 0.00000e+00,  0.00000e+00, -0.00000e+00,  0.00000e+00,  0.00000e+00,
          0.00000e+00,  0.00000e+00,  0.00000e+00,  0.00000e+00,  0.00000e+00,
          0.00000e+00,  0.00000e+00,  0.00000e+00,  0.00000e+00, -0.00000e+00,
          0.00000e+00,  0.00000e+00,  0.00000e+00,  0.00000e+00, -0.00000e+00,
         -0.00000e+00],
        [ 3.92261e+08,  0.00000e+00, -5.40939e+08,  0.00000e+00,  0.00000e+00,
          2.30514e+08,  4.36316e+08,  0.00000e+00,  2.62705e+08,  0.00000e+00,
          4.77360e+08,  0.00000e+00,  0.00000e+00,  2.20693e+08, -4.71997e+08,
          0.00000e+00,  4.64145e+08,  0.00000e+00,  0.00000e+00, -3.92680e+08,
         -8.54052e+07],
        [ 0.00000e+00,  0.00000e+00, -0.00000e+00,  0.00000e+00,  0.00000e+00,
          0.00000e+00,  0.00000e+00,  0.00000e+00,  0.00000e+00,  0.00000e+00,
          0.00000e+00,  0.00000e+00,  0.00000e+00,  0.00000e+00, -0.00000e+00,
          0.00000e+00,  0.00000e+00,  0.00000e+00,  0.00000e+00, -0.00000e+00,
         -0.00000e+00],
        [ 5.66795e+08,  0.00000e+00, -7.81626e+08,  0.00000e+00,  0.00000e+00,
          3.33080e+08,  6.30452e+08,  0.00000e+00,  3.79594e+08,  0.00000e+00,
          6.89757e+08,  0.00000e+00,  0.00000e+00,  3.18889e+08, -6.82009e+08,
          0.00000e+00,  6.70663e+08,  0.00000e+00,  0.00000e+00, -5.67400e+08,
         -1.23406e+08],
        [ 0.00000e+00,  0.00000e+00, -0.00000e+00,  0.00000e+00,  0.00000e+00,
          0.00000e+00,  0.00000e+00,  0.00000e+00,  0.00000e+00,  0.00000e+00,
          0.00000e+00,  0.00000e+00,  0.00000e+00,  0.00000e+00, -0.00000e+00,
          0.00000e+00,  0.00000e+00,  0.00000e+00,  0.00000e+00, -0.00000e+00,
         -0.00000e+00],
        [ 4.75299e+09,  0.00000e+00, -6.55450e+09,  0.00000e+00,  0.00000e+00,
          2.79312e+09,  5.28679e+09,  0.00000e+00,  3.18317e+09,  0.00000e+00,
          5.78411e+09,  0.00000e+00,  0.00000e+00,  2.67411e+09, -5.71913e+09,
          0.00000e+00,  5.62399e+09,  0.00000e+00,  0.00000e+00, -4.75806e+09,
         -1.03485e+09],
        [ 0.00000e+00,  0.00000e+00, -0.00000e+00,  0.00000e+00,  0.00000e+00,
          0.00000e+00,  0.00000e+00,  0.00000e+00,  0.00000e+00,  0.00000e+00,
          0.00000e+00,  0.00000e+00,  0.00000e+00,  0.00000e+00, -0.00000e+00,
          0.00000e+00,  0.00000e+00,  0.00000e+00,  0.00000e+00, -0.00000e+00,
         -0.00000e+00],
        [ 2.32757e+09,  0.00000e+00, -3.20979e+09,  0.00000e+00,  0.00000e+00,
          1.36781e+09,  2.58898e+09,  0.00000e+00,  1.55882e+09,  0.00000e+00,
          2.83252e+09,  0.00000e+00,  0.00000e+00,  1.30953e+09, -2.80070e+09,
          0.00000e+00,  2.75411e+09,  0.00000e+00,  0.00000e+00, -2.33006e+09,
         -5.06771e+08]])	
tensor([[ 7.05087e+05,  0.00000e+00,  0.00000e+00,  0.00000e+00,  5.53462e+06,
          0.00000e+00,  0.00000e+00,  0.00000e+00,  0.00000e+00, -2.73517e+06,
          0.00000e+00,  5.95095e+06,  8.89500e+06,  0.00000e+00,  6.13981e+06,
          7.06785e+06,  0.00000e+00,  0.00000e+00,  5.21447e+06,  9.94673e+05,
         -5.48868e+06],
        [ 0.00000e+00,  0.00000e+00,  0.00000e+00,  0.00000e+00,  0.00000e+00,
          0.00000e+00,  0.00000e+00,  0.00000e+00,  0.00000e+00, -0.00000e+00,
          0.00000e+00,  0.00000e+00,  0.00000e+00,  0.00000e+00,  0.00000e+00,
          0.00000e+00,  0.00000e+00,  0.00000e+00,  0.00000e+00,  0.00000e+00,
         -0.00000e+00],
        [ 6.62601e+07,  0.00000e+00,  0.00000e+00,  0.00000e+00,  5.20113e+08,
          0.00000e+00,  0.00000e+00,  0.00000e+00,  0.00000e+00, -2.57036e+08,
          0.00000e+00,  5.59237e+08,  8.35902e+08,  0.00000e+00,  5.76985e+08,
          6.64197e+08,  0.00000e+00,  0.00000e+00,  4.90027e+08,  9.34738e+07,
         -5.15795e+08],
        [ 0.00000e+00,  0.00000e+00,  0.00000e+00,  0.00000e+00,  0.00000e+00,
          0.00000e+00,  0.00000e+00,  0.00000e+00,  0.00000e+00, -0.00000e+00,
          0.00000e+00,  0.00000e+00,  0.00000e+00,  0.00000e+00,  0.00000e+00,
          0.00000e+00,  0.00000e+00,  0.00000e+00,  0.00000e+00,  0.00000e+00,
         -0.00000e+00],
        [ 0.00000e+00,  0.00000e+00,  0.00000e+00,  0.00000e+00,  0.00000e+00,
          0.00000e+00,  0.00000e+00,  0.00000e+00,  0.00000e+00, -0.00000e+00,
          0.00000e+00,  0.00000e+00,  0.00000e+00,  0.00000e+00,  0.00000e+00,
          0.00000e+00,  0.00000e+00,  0.00000e+00,  0.00000e+00,  0.00000e+00,
         -0.00000e+00],
        [ 2.46519e+08,  0.00000e+00,  0.00000e+00,  0.00000e+00,  1.93506e+09,
          0.00000e+00,  0.00000e+00,  0.00000e+00,  0.00000e+00, -9.56294e+08,
          0.00000e+00,  2.08062e+09,  3.10995e+09,  0.00000e+00,  2.14665e+09,
          2.47112e+09,  0.00000e+00,  0.00000e+00,  1.82313e+09,  3.47766e+08,
         -1.91900e+09],
        [ 2.42609e+08,  0.00000e+00,  0.00000e+00,  0.00000e+00,  1.90437e+09,
          0.00000e+00,  0.00000e+00,  0.00000e+00,  0.00000e+00, -9.41128e+08,
          0.00000e+00,  2.04763e+09,  3.06063e+09,  0.00000e+00,  2.11261e+09,
          2.43193e+09,  0.00000e+00,  0.00000e+00,  1.79422e+09,  3.42251e+08,
         -1.88857e+09],
        [ 0.00000e+00,  0.00000e+00,  0.00000e+00,  0.00000e+00,  0.00000e+00,
          0.00000e+00,  0.00000e+00,  0.00000e+00,  0.00000e+00, -0.00000e+00,
          0.00000e+00,  0.00000e+00,  0.00000e+00,  0.00000e+00,  0.00000e+00,
          0.00000e+00,  0.00000e+00,  0.00000e+00,  0.00000e+00,  0.00000e+00,
         -0.00000e+00],
        [ 2.07293e+08,  0.00000e+00,  0.00000e+00,  0.00000e+00,  1.62716e+09,
          0.00000e+00,  0.00000e+00,  0.00000e+00,  0.00000e+00, -8.04131e+08,
          0.00000e+00,  1.74956e+09,  2.61510e+09,  0.00000e+00,  1.80508e+09,
          2.07792e+09,  0.00000e+00,  0.00000e+00,  1.53304e+09,  2.92431e+08,
         -1.61365e+09],
        [ 0.00000e+00,  0.00000e+00,  0.00000e+00,  0.00000e+00,  0.00000e+00,
          0.00000e+00,  0.00000e+00,  0.00000e+00,  0.00000e+00, -0.00000e+00,
          0.00000e+00,  0.00000e+00,  0.00000e+00,  0.00000e+00,  0.00000e+00,
          0.00000e+00,  0.00000e+00,  0.00000e+00,  0.00000e+00,  0.00000e+00,
         -0.00000e+00],
        [ 6.02944e+07,  0.00000e+00,  0.00000e+00,  0.00000e+00,  4.73285e+08,
          0.00000e+00,  0.00000e+00,  0.00000e+00,  0.00000e+00, -2.33894e+08,
          0.00000e+00,  5.08886e+08,  7.60642e+08,  0.00000e+00,  5.25036e+08,
          6.04396e+08,  0.00000e+00,  0.00000e+00,  4.45908e+08,  8.50579e+07,
         -4.69356e+08],
        [ 0.00000e+00,  0.00000e+00,  0.00000e+00,  0.00000e+00,  0.00000e+00,
          0.00000e+00,  0.00000e+00,  0.00000e+00,  0.00000e+00, -0.00000e+00,
          0.00000e+00,  0.00000e+00,  0.00000e+00,  0.00000e+00,  0.00000e+00,
          0.00000e+00,  0.00000e+00,  0.00000e+00,  0.00000e+00,  0.00000e+00,
         -0.00000e+00],
        [ 0.00000e+00,  0.00000e+00,  0.00000e+00,  0.00000e+00,  0.00000e+00,
          0.00000e+00,  0.00000e+00,  0.00000e+00,  0.00000e+00, -0.00000e+00,
          0.00000e+00,  0.00000e+00,  0.00000e+00,  0.00000e+00,  0.00000e+00,
          0.00000e+00,  0.00000e+00,  0.00000e+00,  0.00000e+00,  0.00000e+00,
         -0.00000e+00],
        [ 9.01854e+07,  0.00000e+00,  0.00000e+00,  0.00000e+00,  7.07916e+08,
          0.00000e+00,  0.00000e+00,  0.00000e+00,  0.00000e+00, -3.49847e+08,
          0.00000e+00,  7.61167e+08,  1.13773e+09,  0.00000e+00,  7.85323e+08,
          9.04025e+08,  0.00000e+00,  0.00000e+00,  6.66966e+08,  1.27225e+08,
         -7.02039e+08],
        [ 2.78280e+08,  0.00000e+00,  0.00000e+00,  0.00000e+00,  2.18438e+09,
          0.00000e+00,  0.00000e+00,  0.00000e+00,  0.00000e+00, -1.07950e+09,
          0.00000e+00,  2.34869e+09,  3.51064e+09,  0.00000e+00,  2.42323e+09,
          2.78951e+09,  0.00000e+00,  0.00000e+00,  2.05802e+09,  3.92573e+08,
         -2.16625e+09],
        [ 0.00000e+00,  0.00000e+00,  0.00000e+00,  0.00000e+00,  0.00000e+00,
          0.00000e+00,  0.00000e+00,  0.00000e+00,  0.00000e+00, -0.00000e+00,
          0.00000e+00,  0.00000e+00,  0.00000e+00,  0.00000e+00,  0.00000e+00,
          0.00000e+00,  0.00000e+00,  0.00000e+00,  0.00000e+00,  0.00000e+00,
         -0.00000e+00],
        [ 4.23832e+08,  0.00000e+00,  0.00000e+00,  0.00000e+00,  3.32690e+09,
          0.00000e+00,  0.00000e+00,  0.00000e+00,  0.00000e+00, -1.64413e+09,
          0.00000e+00,  3.57715e+09,  5.34684e+09,  0.00000e+00,  3.69068e+09,
          4.24853e+09,  0.00000e+00,  0.00000e+00,  3.13445e+09,  5.97904e+08,
         -3.29928e+09],
        [ 0.00000e+00,  0.00000e+00,  0.00000e+00,  0.00000e+00,  0.00000e+00,
          0.00000e+00,  0.00000e+00,  0.00000e+00,  0.00000e+00, -0.00000e+00,
          0.00000e+00,  0.00000e+00,  0.00000e+00,  0.00000e+00,  0.00000e+00,
          0.00000e+00,  0.00000e+00,  0.00000e+00,  0.00000e+00,  0.00000e+00,
         -0.00000e+00],
        [ 0.00000e+00,  0.00000e+00,  0.00000e+00,  0.00000e+00,  0.00000e+00,
          0.00000e+00,  0.00000e+00,  0.00000e+00,  0.00000e+00, -0.00000e+00,
          0.00000e+00,  0.00000e+00,  0.00000e+00,  0.00000e+00,  0.00000e+00,
          0.00000e+00,  0.00000e+00,  0.00000e+00,  0.00000e+00,  0.00000e+00,
         -0.00000e+00],
        [ 2.11174e+08,  0.00000e+00,  0.00000e+00,  0.00000e+00,  1.65762e+09,
          0.00000e+00,  0.00000e+00,  0.00000e+00,  0.00000e+00, -8.19184e+08,
          0.00000e+00,  1.78231e+09,  2.66405e+09,  0.00000e+00,  1.83887e+09,
          2.11682e+09,  0.00000e+00,  0.00000e+00,  1.56174e+09,  2.97905e+08,
         -1.64386e+09],
        [ 2.59962e+08,  0.00000e+00,  0.00000e+00,  0.00000e+00,  2.04059e+09,
          0.00000e+00,  0.00000e+00,  0.00000e+00,  0.00000e+00, -1.00844e+09,
          0.00000e+00,  2.19409e+09,  3.27954e+09,  0.00000e+00,  2.26372e+09,
          2.60588e+09,  0.00000e+00,  0.00000e+00,  1.92255e+09,  3.66731e+08,
         -2.02365e+09]])	
tensor([[ 0.00000e+00, -5.21240e+08,  0.00000e+00, -2.41924e+08, -1.61932e+08,
          0.00000e+00,  0.00000e+00,  3.10082e+08,  5.75217e+08,  0.00000e+00,
         -4.75353e+08,  0.00000e+00,  9.33127e+08,  1.11243e+09,  0.00000e+00,
          0.00000e+00,  0.00000e+00,  0.00000e+00,  0.00000e+00,  0.00000e+00,
          0.00000e+00],
        [ 0.00000e+00, -0.00000e+00,  0.00000e+00, -0.00000e+00, -0.00000e+00,
          0.00000e+00,  0.00000e+00,  0.00000e+00,  0.00000e+00,  0.00000e+00,
         -0.00000e+00,  0.00000e+00,  0.00000e+00,  0.00000e+00,  0.00000e+00,
          0.00000e+00,  0.00000e+00,  0.00000e+00,  0.00000e+00,  0.00000e+00,
          0.00000e+00],
        [ 0.00000e+00, -0.00000e+00,  0.00000e+00, -0.00000e+00, -0.00000e+00,
          0.00000e+00,  0.00000e+00,  0.00000e+00,  0.00000e+00,  0.00000e+00,
         -0.00000e+00,  0.00000e+00,  0.00000e+00,  0.00000e+00,  0.00000e+00,
          0.00000e+00,  0.00000e+00,  0.00000e+00,  0.00000e+00,  0.00000e+00,
          0.00000e+00],
        [ 0.00000e+00, -0.00000e+00,  0.00000e+00, -0.00000e+00, -0.00000e+00,
          0.00000e+00,  0.00000e+00,  0.00000e+00,  0.00000e+00,  0.00000e+00,
         -0.00000e+00,  0.00000e+00,  0.00000e+00,  0.00000e+00,  0.00000e+00,
          0.00000e+00,  0.00000e+00,  0.00000e+00,  0.00000e+00,  0.00000e+00,
          0.00000e+00],
        [ 0.00000e+00, -9.98212e+08,  0.00000e+00, -4.63301e+08, -3.10111e+08,
          0.00000e+00,  0.00000e+00,  5.93829e+08,  1.10158e+09,  0.00000e+00,
         -9.10334e+08,  0.00000e+00,  1.78700e+09,  2.13039e+09,  0.00000e+00,
          0.00000e+00,  0.00000e+00,  0.00000e+00,  0.00000e+00,  0.00000e+00,
          0.00000e+00],
        [ 0.00000e+00, -0.00000e+00,  0.00000e+00, -0.00000e+00, -0.00000e+00,
          0.00000e+00,  0.00000e+00,  0.00000e+00,  0.00000e+00,  0.00000e+00,
         -0.00000e+00,  0.00000e+00,  0.00000e+00,  0.00000e+00,  0.00000e+00,
          0.00000e+00,  0.00000e+00,  0.00000e+00,  0.00000e+00,  0.00000e+00,
          0.00000e+00],
        [ 0.00000e+00, -0.00000e+00,  0.00000e+00, -0.00000e+00, -0.00000e+00,
          0.00000e+00,  0.00000e+00,  0.00000e+00,  0.00000e+00,  0.00000e+00,
         -0.00000e+00,  0.00000e+00,  0.00000e+00,  0.00000e+00,  0.00000e+00,
          0.00000e+00,  0.00000e+00,  0.00000e+00,  0.00000e+00,  0.00000e+00,
          0.00000e+00],
        [ 0.00000e+00, -0.00000e+00,  0.00000e+00, -0.00000e+00, -0.00000e+00,
          0.00000e+00,  0.00000e+00,  0.00000e+00,  0.00000e+00,  0.00000e+00,
         -0.00000e+00,  0.00000e+00,  0.00000e+00,  0.00000e+00,  0.00000e+00,
          0.00000e+00,  0.00000e+00,  0.00000e+00,  0.00000e+00,  0.00000e+00,
          0.00000e+00],
        [ 0.00000e+00, -0.00000e+00,  0.00000e+00, -0.00000e+00, -0.00000e+00,
          0.00000e+00,  0.00000e+00,  0.00000e+00,  0.00000e+00,  0.00000e+00,
         -0.00000e+00,  0.00000e+00,  0.00000e+00,  0.00000e+00,  0.00000e+00,
          0.00000e+00,  0.00000e+00,  0.00000e+00,  0.00000e+00,  0.00000e+00,
          0.00000e+00],
        [ 0.00000e+00, -6.48067e+08,  0.00000e+00, -3.00788e+08, -2.01333e+08,
          0.00000e+00,  0.00000e+00,  3.85530e+08,  7.15178e+08,  0.00000e+00,
         -5.91015e+08,  0.00000e+00,  1.16017e+09,  1.38311e+09,  0.00000e+00,
          0.00000e+00,  0.00000e+00,  0.00000e+00,  0.00000e+00,  0.00000e+00,
          0.00000e+00],
        [ 0.00000e+00, -0.00000e+00,  0.00000e+00, -0.00000e+00, -0.00000e+00,
          0.00000e+00,  0.00000e+00,  0.00000e+00,  0.00000e+00,  0.00000e+00,
         -0.00000e+00,  0.00000e+00,  0.00000e+00,  0.00000e+00,  0.00000e+00,
          0.00000e+00,  0.00000e+00,  0.00000e+00,  0.00000e+00,  0.00000e+00,
          0.00000e+00],
        [ 0.00000e+00, -8.39199e+07,  0.00000e+00, -3.89498e+07, -2.60711e+07,
          0.00000e+00,  0.00000e+00,  4.99233e+07,  9.26102e+07,  0.00000e+00,
         -7.65320e+07,  0.00000e+00,  1.50234e+08,  1.79102e+08,  0.00000e+00,
          0.00000e+00,  0.00000e+00,  0.00000e+00,  0.00000e+00,  0.00000e+00,
          0.00000e+00],
        [ 0.00000e+00, -7.12764e+08,  0.00000e+00, -3.30816e+08, -2.21432e+08,
          0.00000e+00,  0.00000e+00,  4.24018e+08,  7.86575e+08,  0.00000e+00,
         -6.50016e+08,  0.00000e+00,  1.27599e+09,  1.52119e+09,  0.00000e+00,
          0.00000e+00,  0.00000e+00,  0.00000e+00,  0.00000e+00,  0.00000e+00,
          0.00000e+00],
        [ 0.00000e+00, -0.00000e+00,  0.00000e+00, -0.00000e+00, -0.00000e+00,
          0.00000e+00,  0.00000e+00,  0.00000e+00,  0.00000e+00,  0.00000e+00,
         -0.00000e+00,  0.00000e+00,  0.00000e+00,  0.00000e+00,  0.00000e+00,
          0.00000e+00,  0.00000e+00,  0.00000e+00,  0.00000e+00,  0.00000e+00,
          0.00000e+00],
        [ 0.00000e+00, -7.85420e+08,  0.00000e+00, -3.64538e+08, -2.44004e+08,
          0.00000e+00,  0.00000e+00,  4.67241e+08,  8.66754e+08,  0.00000e+00,
         -7.16276e+08,  0.00000e+00,  1.40606e+09,  1.67625e+09,  0.00000e+00,
          0.00000e+00,  0.00000e+00,  0.00000e+00,  0.00000e+00,  0.00000e+00,
          0.00000e+00],
        [ 0.00000e+00, -1.84462e+09,  0.00000e+00, -8.56142e+08, -5.73061e+08,
          0.00000e+00,  0.00000e+00,  1.09735e+09,  2.03563e+09,  0.00000e+00,
         -1.68222e+09,  0.00000e+00,  3.30224e+09,  3.93679e+09,  0.00000e+00,
          0.00000e+00,  0.00000e+00,  0.00000e+00,  0.00000e+00,  0.00000e+00,
          0.00000e+00],
        [ 0.00000e+00, -0.00000e+00,  0.00000e+00, -0.00000e+00, -0.00000e+00,
          0.00000e+00,  0.00000e+00,  0.00000e+00,  0.00000e+00,  0.00000e+00,
         -0.00000e+00,  0.00000e+00,  0.00000e+00,  0.00000e+00,  0.00000e+00,
          0.00000e+00,  0.00000e+00,  0.00000e+00,  0.00000e+00,  0.00000e+00,
          0.00000e+00],
        [ 0.00000e+00, -0.00000e+00,  0.00000e+00, -0.00000e+00, -0.00000e+00,
          0.00000e+00,  0.00000e+00,  0.00000e+00,  0.00000e+00,  0.00000e+00,
         -0.00000e+00,  0.00000e+00,  0.00000e+00,  0.00000e+00,  0.00000e+00,
          0.00000e+00,  0.00000e+00,  0.00000e+00,  0.00000e+00,  0.00000e+00,
          0.00000e+00],
        [ 0.00000e+00, -3.57938e+08,  0.00000e+00, -1.66130e+08, -1.11199e+08,
          0.00000e+00,  0.00000e+00,  2.12935e+08,  3.95004e+08,  0.00000e+00,
         -3.26427e+08,  0.00000e+00,  6.40782e+08,  7.63914e+08,  0.00000e+00,
          0.00000e+00,  0.00000e+00,  0.00000e+00,  0.00000e+00,  0.00000e+00,
          0.00000e+00],
        [ 0.00000e+00, -6.77930e+08,  0.00000e+00, -3.14648e+08, -2.10610e+08,
          0.00000e+00,  0.00000e+00,  4.03295e+08,  7.48132e+08,  0.00000e+00,
         -6.18248e+08,  0.00000e+00,  1.21363e+09,  1.44684e+09,  0.00000e+00,
          0.00000e+00,  0.00000e+00,  0.00000e+00,  0.00000e+00,  0.00000e+00,
          0.00000e+00],
        [ 0.00000e+00, -1.03662e+09,  0.00000e+00, -4.81126e+08, -3.22043e+08,
          0.00000e+00,  0.00000e+00,  6.16677e+08,  1.14397e+09,  0.00000e+00,
         -9.45360e+08,  0.00000e+00,  1.85576e+09,  2.21236e+09,  0.00000e+00,
          0.00000e+00,  0.00000e+00,  0.00000e+00,  0.00000e+00,  0.00000e+00,
          0.00000e+00]])	
tensor([[ 0.00000e+00,  0.00000e+00,  0.00000e+00, -0.00000e+00,  0.00000e+00,
          0.00000e+00,  0.00000e+00, -0.00000e+00,  0.00000e+00,  0.00000e+00,
          0.00000e+00, -0.00000e+00,  0.00000e+00,  0.00000e+00, -0.00000e+00,
          0.00000e+00, -0.00000e+00,  0.00000e+00,  0.00000e+00,  0.00000e+00,
          0.00000e+00],
        [ 1.29781e+09,  0.00000e+00,  5.62654e+08, -3.71686e+08,  1.89657e+09,
          0.00000e+00,  2.50687e+09, -5.51827e+08,  0.00000e+00,  5.45842e+08,
          0.00000e+00, -8.93050e+08,  0.00000e+00,  0.00000e+00, -1.90938e+09,
          0.00000e+00, -1.02523e+08,  0.00000e+00,  0.00000e+00,  0.00000e+00,
          0.00000e+00],
        [ 0.00000e+00,  0.00000e+00,  0.00000e+00, -0.00000e+00,  0.00000e+00,
          0.00000e+00,  0.00000e+00, -0.00000e+00,  0.00000e+00,  0.00000e+00,
          0.00000e+00, -0.00000e+00,  0.00000e+00,  0.00000e+00, -0.00000e+00,
          0.00000e+00, -0.00000e+00,  0.00000e+00,  0.00000e+00,  0.00000e+00,
          0.00000e+00],
        [ 9.74178e+08,  0.00000e+00,  4.22346e+08, -2.78999e+08,  1.42363e+09,
          0.00000e+00,  1.88173e+09, -4.14219e+08,  0.00000e+00,  4.09726e+08,
          0.00000e+00, -6.70352e+08,  0.00000e+00,  0.00000e+00, -1.43324e+09,
          0.00000e+00, -7.69568e+07,  0.00000e+00,  0.00000e+00,  0.00000e+00,
          0.00000e+00],
        [ 5.73153e+08,  0.00000e+00,  2.48485e+08, -1.64148e+08,  8.37584e+08,
          0.00000e+00,  1.10711e+09, -2.43704e+08,  0.00000e+00,  2.41060e+08,
          0.00000e+00, -3.94398e+08,  0.00000e+00,  0.00000e+00, -8.43242e+08,
          0.00000e+00, -4.52772e+07,  0.00000e+00,  0.00000e+00,  0.00000e+00,
          0.00000e+00],
        [ 0.00000e+00,  0.00000e+00,  0.00000e+00, -0.00000e+00,  0.00000e+00,
          0.00000e+00,  0.00000e+00, -0.00000e+00,  0.00000e+00,  0.00000e+00,
          0.00000e+00, -0.00000e+00,  0.00000e+00,  0.00000e+00, -0.00000e+00,
          0.00000e+00, -0.00000e+00,  0.00000e+00,  0.00000e+00,  0.00000e+00,
          0.00000e+00],
        [ 0.00000e+00,  0.00000e+00,  0.00000e+00, -0.00000e+00,  0.00000e+00,
          0.00000e+00,  0.00000e+00, -0.00000e+00,  0.00000e+00,  0.00000e+00,
          0.00000e+00, -0.00000e+00,  0.00000e+00,  0.00000e+00, -0.00000e+00,
          0.00000e+00, -0.00000e+00,  0.00000e+00,  0.00000e+00,  0.00000e+00,
          0.00000e+00],
        [ 1.75982e+09,  0.00000e+00,  7.62951e+08, -5.04001e+08,  2.57173e+09,
          0.00000e+00,  3.39928e+09, -7.48270e+08,  0.00000e+00,  7.40155e+08,
          0.00000e+00, -1.21096e+09,  0.00000e+00,  0.00000e+00, -2.58910e+09,
          0.00000e+00, -1.39020e+08,  0.00000e+00,  0.00000e+00,  0.00000e+00,
          0.00000e+00],
        [ 2.70111e+09,  0.00000e+00,  1.17104e+09, -7.73581e+08,  3.94730e+09,
          0.00000e+00,  5.21749e+09, -1.14851e+09,  0.00000e+00,  1.13605e+09,
          0.00000e+00, -1.85869e+09,  0.00000e+00,  0.00000e+00, -3.97396e+09,
          0.00000e+00, -2.13378e+08,  0.00000e+00,  0.00000e+00,  0.00000e+00,
          0.00000e+00],
        [ 0.00000e+00,  0.00000e+00,  0.00000e+00, -0.00000e+00,  0.00000e+00,
          0.00000e+00,  0.00000e+00, -0.00000e+00,  0.00000e+00,  0.00000e+00,
          0.00000e+00, -0.00000e+00,  0.00000e+00,  0.00000e+00, -0.00000e+00,
          0.00000e+00, -0.00000e+00,  0.00000e+00,  0.00000e+00,  0.00000e+00,
          0.00000e+00],
        [ 4.29293e+08,  0.00000e+00,  1.86116e+08, -1.22947e+08,  6.27352e+08,
          0.00000e+00,  8.29227e+08, -1.82534e+08,  0.00000e+00,  1.80555e+08,
          0.00000e+00, -2.95405e+08,  0.00000e+00,  0.00000e+00, -6.31590e+08,
          0.00000e+00, -3.39127e+07,  0.00000e+00,  0.00000e+00,  0.00000e+00,
          0.00000e+00],
        [ 0.00000e+00,  0.00000e+00,  0.00000e+00, -0.00000e+00,  0.00000e+00,
          0.00000e+00,  0.00000e+00, -0.00000e+00,  0.00000e+00,  0.00000e+00,
          0.00000e+00, -0.00000e+00,  0.00000e+00,  0.00000e+00, -0.00000e+00,
          0.00000e+00, -0.00000e+00,  0.00000e+00,  0.00000e+00,  0.00000e+00,
          0.00000e+00],
        [ 5.22474e+07,  0.00000e+00,  2.26514e+07, -1.49633e+07,  7.63524e+07,
          0.00000e+00,  1.00922e+08, -2.22155e+07,  0.00000e+00,  2.19746e+07,
          0.00000e+00, -3.59525e+07,  0.00000e+00,  0.00000e+00, -7.68682e+07,
          0.00000e+00, -4.12737e+06,  0.00000e+00,  0.00000e+00,  0.00000e+00,
          0.00000e+00],
        [ 3.89537e+09,  0.00000e+00,  1.68880e+09, -1.11561e+09,  5.69255e+09,
          0.00000e+00,  7.52435e+09, -1.65631e+09,  0.00000e+00,  1.63834e+09,
          0.00000e+00, -2.68048e+09,  0.00000e+00,  0.00000e+00, -5.73100e+09,
          0.00000e+00, -3.07721e+08,  0.00000e+00,  0.00000e+00,  0.00000e+00,
          0.00000e+00],
        [ 0.00000e+00,  0.00000e+00,  0.00000e+00, -0.00000e+00,  0.00000e+00,
          0.00000e+00,  0.00000e+00, -0.00000e+00,  0.00000e+00,  0.00000e+00,
          0.00000e+00, -0.00000e+00,  0.00000e+00,  0.00000e+00, -0.00000e+00,
          0.00000e+00, -0.00000e+00,  0.00000e+00,  0.00000e+00,  0.00000e+00,
          0.00000e+00],
        [ 0.00000e+00,  0.00000e+00,  0.00000e+00, -0.00000e+00,  0.00000e+00,
          0.00000e+00,  0.00000e+00, -0.00000e+00,  0.00000e+00,  0.00000e+00,
          0.00000e+00, -0.00000e+00,  0.00000e+00,  0.00000e+00, -0.00000e+00,
          0.00000e+00, -0.00000e+00,  0.00000e+00,  0.00000e+00,  0.00000e+00,
          0.00000e+00],
        [ 0.00000e+00,  0.00000e+00,  0.00000e+00, -0.00000e+00,  0.00000e+00,
          0.00000e+00,  0.00000e+00, -0.00000e+00,  0.00000e+00,  0.00000e+00,
          0.00000e+00, -0.00000e+00,  0.00000e+00,  0.00000e+00, -0.00000e+00,
          0.00000e+00, -0.00000e+00,  0.00000e+00,  0.00000e+00,  0.00000e+00,
          0.00000e+00],
        [ 0.00000e+00,  0.00000e+00,  0.00000e+00, -0.00000e+00,  0.00000e+00,
          0.00000e+00,  0.00000e+00, -0.00000e+00,  0.00000e+00,  0.00000e+00,
          0.00000e+00, -0.00000e+00,  0.00000e+00,  0.00000e+00, -0.00000e+00,
          0.00000e+00, -0.00000e+00,  0.00000e+00,  0.00000e+00,  0.00000e+00,
          0.00000e+00],
        [ 0.00000e+00,  0.00000e+00,  0.00000e+00, -0.00000e+00,  0.00000e+00,
          0.00000e+00,  0.00000e+00, -0.00000e+00,  0.00000e+00,  0.00000e+00,
          0.00000e+00, -0.00000e+00,  0.00000e+00,  0.00000e+00, -0.00000e+00,
          0.00000e+00, -0.00000e+00,  0.00000e+00,  0.00000e+00,  0.00000e+00,
          0.00000e+00],
        [ 0.00000e+00,  0.00000e+00,  0.00000e+00, -0.00000e+00,  0.00000e+00,
          0.00000e+00,  0.00000e+00, -0.00000e+00,  0.00000e+00,  0.00000e+00,
          0.00000e+00, -0.00000e+00,  0.00000e+00,  0.00000e+00, -0.00000e+00,
          0.00000e+00, -0.00000e+00,  0.00000e+00,  0.00000e+00,  0.00000e+00,
          0.00000e+00],
        [ 0.00000e+00,  0.00000e+00,  0.00000e+00, -0.00000e+00,  0.00000e+00,
          0.00000e+00,  0.00000e+00, -0.00000e+00,  0.00000e+00,  0.00000e+00,
          0.00000e+00, -0.00000e+00,  0.00000e+00,  0.00000e+00, -0.00000e+00,
          0.00000e+00, -0.00000e+00,  0.00000e+00,  0.00000e+00,  0.00000e+00,
          0.00000e+00]])	
tensor([[ 8.30502e+08, -2.70362e+08,  0.00000e+00,  8.52711e+08, -1.10196e+09,
          0.00000e+00,  0.00000e+00,  0.00000e+00,  0.00000e+00,  0.00000e+00,
          1.98919e+07,  0.00000e+00,  1.51689e+08,  1.13056e+09,  0.00000e+00,
         -2.23049e+08,  1.65840e+08,  6.01262e+08,  0.00000e+00,  0.00000e+00,
          0.00000e+00],
        [ 0.00000e+00, -0.00000e+00,  0.00000e+00,  0.00000e+00, -0.00000e+00,
          0.00000e+00,  0.00000e+00,  0.00000e+00,  0.00000e+00,  0.00000e+00,
          0.00000e+00,  0.00000e+00,  0.00000e+00,  0.00000e+00,  0.00000e+00,
         -0.00000e+00,  0.00000e+00,  0.00000e+00,  0.00000e+00,  0.00000e+00,
          0.00000e+00],
        [ 1.19363e+09, -3.88576e+08,  0.00000e+00,  1.22555e+09, -1.58378e+09,
          0.00000e+00,  0.00000e+00,  0.00000e+00,  0.00000e+00,  0.00000e+00,
          2.85894e+07,  0.00000e+00,  2.18013e+08,  1.62489e+09,  0.00000e+00,
         -3.20576e+08,  2.38353e+08,  8.64159e+08,  0.00000e+00,  0.00000e+00,
          0.00000e+00],
        [ 2.00443e+09, -6.52524e+08,  0.00000e+00,  2.05804e+09, -2.65960e+09,
          0.00000e+00,  0.00000e+00,  0.00000e+00,  0.00000e+00,  0.00000e+00,
          4.80094e+07,  0.00000e+00,  3.66104e+08,  2.72863e+09,  0.00000e+00,
         -5.38334e+08,  4.00259e+08,  1.45116e+09,  0.00000e+00,  0.00000e+00,
          0.00000e+00],
        [ 7.44147e+08, -2.42250e+08,  0.00000e+00,  7.64047e+08, -9.87378e+08,
          0.00000e+00,  0.00000e+00,  0.00000e+00,  0.00000e+00,  0.00000e+00,
          1.78235e+07,  0.00000e+00,  1.35916e+08,  1.01300e+09,  0.00000e+00,
         -1.99857e+08,  1.48596e+08,  5.38743e+08,  0.00000e+00,  0.00000e+00,
          0.00000e+00],
        [ 0.00000e+00, -0.00000e+00,  0.00000e+00,  0.00000e+00, -0.00000e+00,
          0.00000e+00,  0.00000e+00,  0.00000e+00,  0.00000e+00,  0.00000e+00,
          0.00000e+00,  0.00000e+00,  0.00000e+00,  0.00000e+00,  0.00000e+00,
         -0.00000e+00,  0.00000e+00,  0.00000e+00,  0.00000e+00,  0.00000e+00,
          0.00000e+00],
        [ 2.48465e+09, -8.08855e+08,  0.00000e+00,  2.55110e+09, -3.29678e+09,
          0.00000e+00,  0.00000e+00,  0.00000e+00,  0.00000e+00,  0.00000e+00,
          5.95115e+07,  0.00000e+00,  4.53815e+08,  3.38235e+09,  0.00000e+00,
         -6.67307e+08,  4.96152e+08,  1.79882e+09,  0.00000e+00,  0.00000e+00,
          0.00000e+00],
        [ 6.23281e+08, -2.02903e+08,  0.00000e+00,  6.39949e+08, -8.27006e+08,
          0.00000e+00,  0.00000e+00,  0.00000e+00,  0.00000e+00,  0.00000e+00,
          1.49286e+07,  0.00000e+00,  1.13840e+08,  8.48469e+08,  0.00000e+00,
         -1.67396e+08,  1.24461e+08,  4.51239e+08,  0.00000e+00,  0.00000e+00,
          0.00000e+00],
        [ 0.00000e+00, -0.00000e+00,  0.00000e+00,  0.00000e+00, -0.00000e+00,
          0.00000e+00,  0.00000e+00,  0.00000e+00,  0.00000e+00,  0.00000e+00,
          0.00000e+00,  0.00000e+00,  0.00000e+00,  0.00000e+00,  0.00000e+00,
         -0.00000e+00,  0.00000e+00,  0.00000e+00,  0.00000e+00,  0.00000e+00,
          0.00000e+00],
        [ 2.52518e+09, -8.22050e+08,  0.00000e+00,  2.59271e+09, -3.35056e+09,
          0.00000e+00,  0.00000e+00,  0.00000e+00,  0.00000e+00,  0.00000e+00,
          6.04823e+07,  0.00000e+00,  4.61218e+08,  3.43752e+09,  0.00000e+00,
         -6.78193e+08,  5.04246e+08,  1.82817e+09,  0.00000e+00,  0.00000e+00,
          0.00000e+00],
        [ 0.00000e+00, -0.00000e+00,  0.00000e+00,  0.00000e+00, -0.00000e+00,
          0.00000e+00,  0.00000e+00,  0.00000e+00,  0.00000e+00,  0.00000e+00,
          0.00000e+00,  0.00000e+00,  0.00000e+00,  0.00000e+00,  0.00000e+00,
         -0.00000e+00,  0.00000e+00,  0.00000e+00,  0.00000e+00,  0.00000e+00,
          0.00000e+00],
        [ 2.11597e+08, -6.88834e+07,  0.00000e+00,  2.17256e+08, -2.80759e+08,
          0.00000e+00,  0.00000e+00,  0.00000e+00,  0.00000e+00,  0.00000e+00,
          5.06809e+06,  0.00000e+00,  3.86476e+07,  2.88046e+08,  0.00000e+00,
         -5.68289e+07,  4.22531e+07,  1.53191e+08,  0.00000e+00,  0.00000e+00,
          0.00000e+00],
        [ 0.00000e+00, -0.00000e+00,  0.00000e+00,  0.00000e+00, -0.00000e+00,
          0.00000e+00,  0.00000e+00,  0.00000e+00,  0.00000e+00,  0.00000e+00,
          0.00000e+00,  0.00000e+00,  0.00000e+00,  0.00000e+00,  0.00000e+00,
         -0.00000e+00,  0.00000e+00,  0.00000e+00,  0.00000e+00,  0.00000e+00,
          0.00000e+00],
        [ 0.00000e+00, -0.00000e+00,  0.00000e+00,  0.00000e+00, -0.00000e+00,
          0.00000e+00,  0.00000e+00,  0.00000e+00,  0.00000e+00,  0.00000e+00,
          0.00000e+00,  0.00000e+00,  0.00000e+00,  0.00000e+00,  0.00000e+00,
         -0.00000e+00,  0.00000e+00,  0.00000e+00,  0.00000e+00,  0.00000e+00,
          0.00000e+00],
        [ 2.01150e+08, -6.54824e+07,  0.00000e+00,  2.06529e+08, -2.66898e+08,
          0.00000e+00,  0.00000e+00,  0.00000e+00,  0.00000e+00,  0.00000e+00,
          4.81787e+06,  0.00000e+00,  3.67394e+07,  2.73824e+08,  0.00000e+00,
         -5.40232e+07,  4.01670e+07,  1.45627e+08,  0.00000e+00,  0.00000e+00,
          0.00000e+00],
        [ 0.00000e+00, -0.00000e+00,  0.00000e+00,  0.00000e+00, -0.00000e+00,
          0.00000e+00,  0.00000e+00,  0.00000e+00,  0.00000e+00,  0.00000e+00,
          0.00000e+00,  0.00000e+00,  0.00000e+00,  0.00000e+00,  0.00000e+00,
         -0.00000e+00,  0.00000e+00,  0.00000e+00,  0.00000e+00,  0.00000e+00,
          0.00000e+00],
        [ 4.29213e+09, -1.39726e+09,  0.00000e+00,  4.40691e+09, -5.69505e+09,
          0.00000e+00,  0.00000e+00,  0.00000e+00,  0.00000e+00,  0.00000e+00,
          1.02803e+08,  0.00000e+00,  7.83944e+08,  5.84285e+09,  0.00000e+00,
         -1.15274e+09,  8.57081e+08,  3.10739e+09,  0.00000e+00,  0.00000e+00,
          0.00000e+00],
        [ 0.00000e+00, -0.00000e+00,  0.00000e+00,  0.00000e+00, -0.00000e+00,
          0.00000e+00,  0.00000e+00,  0.00000e+00,  0.00000e+00,  0.00000e+00,
          0.00000e+00,  0.00000e+00,  0.00000e+00,  0.00000e+00,  0.00000e+00,
         -0.00000e+00,  0.00000e+00,  0.00000e+00,  0.00000e+00,  0.00000e+00,
          0.00000e+00],
        [ 0.00000e+00, -0.00000e+00,  0.00000e+00,  0.00000e+00, -0.00000e+00,
          0.00000e+00,  0.00000e+00,  0.00000e+00,  0.00000e+00,  0.00000e+00,
          0.00000e+00,  0.00000e+00,  0.00000e+00,  0.00000e+00,  0.00000e+00,
         -0.00000e+00,  0.00000e+00,  0.00000e+00,  0.00000e+00,  0.00000e+00,
          0.00000e+00],
        [ 0.00000e+00, -0.00000e+00,  0.00000e+00,  0.00000e+00, -0.00000e+00,
          0.00000e+00,  0.00000e+00,  0.00000e+00,  0.00000e+00,  0.00000e+00,
          0.00000e+00,  0.00000e+00,  0.00000e+00,  0.00000e+00,  0.00000e+00,
         -0.00000e+00,  0.00000e+00,  0.00000e+00,  0.00000e+00,  0.00000e+00,
          0.00000e+00],
        [ 0.00000e+00, -0.00000e+00,  0.00000e+00,  0.00000e+00, -0.00000e+00,
          0.00000e+00,  0.00000e+00,  0.00000e+00,  0.00000e+00,  0.00000e+00,
          0.00000e+00,  0.00000e+00,  0.00000e+00,  0.00000e+00,  0.00000e+00,
         -0.00000e+00,  0.00000e+00,  0.00000e+00,  0.00000e+00,  0.00000e+00,
          0.00000e+00]])	
tensor([[ 6.78422e+08,  0.00000e+00,  0.00000e+00,  0.00000e+00, -1.05684e+08,
          3.33289e+08, -6.26913e+08,  0.00000e+00,  6.64497e+08,  0.00000e+00,
          0.00000e+00,  0.00000e+00,  0.00000e+00,  1.11005e+09, -1.08981e+09,
          5.54465e+08,  0.00000e+00,  3.48391e+08,  2.20922e+08,  0.00000e+00,
          0.00000e+00],
        [ 9.18259e+08,  0.00000e+00,  0.00000e+00,  0.00000e+00, -1.43046e+08,
          4.51114e+08, -8.48542e+08,  0.00000e+00,  8.99412e+08,  0.00000e+00,
          0.00000e+00,  0.00000e+00,  0.00000e+00,  1.50248e+09, -1.47508e+09,
          7.50482e+08,  0.00000e+00,  4.71555e+08,  2.99024e+08,  0.00000e+00,
          0.00000e+00],
        [ 0.00000e+00,  0.00000e+00,  0.00000e+00,  0.00000e+00, -0.00000e+00,
          0.00000e+00, -0.00000e+00,  0.00000e+00,  0.00000e+00,  0.00000e+00,
          0.00000e+00,  0.00000e+00,  0.00000e+00,  0.00000e+00, -0.00000e+00,
          0.00000e+00,  0.00000e+00,  0.00000e+00,  0.00000e+00,  0.00000e+00,
          0.00000e+00],
        [ 4.55579e+08,  0.00000e+00,  0.00000e+00,  0.00000e+00, -7.09698e+07,
          2.23813e+08, -4.20989e+08,  0.00000e+00,  4.46228e+08,  0.00000e+00,
          0.00000e+00,  0.00000e+00,  0.00000e+00,  7.45432e+08, -7.31834e+08,
          3.72339e+08,  0.00000e+00,  2.33954e+08,  1.48355e+08,  0.00000e+00,
          0.00000e+00],
        [ 1.44659e+09,  0.00000e+00,  0.00000e+00,  0.00000e+00, -2.25349e+08,
          7.10669e+08, -1.33676e+09,  0.00000e+00,  1.41690e+09,  0.00000e+00,
          0.00000e+00,  0.00000e+00,  0.00000e+00,  2.36696e+09, -2.32378e+09,
          1.18228e+09,  0.00000e+00,  7.42872e+08,  4.71071e+08,  0.00000e+00,
          0.00000e+00],
        [ 0.00000e+00,  0.00000e+00,  0.00000e+00,  0.00000e+00, -0.00000e+00,
          0.00000e+00, -0.00000e+00,  0.00000e+00,  0.00000e+00,  0.00000e+00,
          0.00000e+00,  0.00000e+00,  0.00000e+00,  0.00000e+00, -0.00000e+00,
          0.00000e+00,  0.00000e+00,  0.00000e+00,  0.00000e+00,  0.00000e+00,
          0.00000e+00],
        [ 0.00000e+00,  0.00000e+00,  0.00000e+00,  0.00000e+00, -0.00000e+00,
          0.00000e+00, -0.00000e+00,  0.00000e+00,  0.00000e+00,  0.00000e+00,
          0.00000e+00,  0.00000e+00,  0.00000e+00,  0.00000e+00, -0.00000e+00,
          0.00000e+00,  0.00000e+00,  0.00000e+00,  0.00000e+00,  0.00000e+00,
          0.00000e+00],
        [ 0.00000e+00,  0.00000e+00,  0.00000e+00,  0.00000e+00, -0.00000e+00,
          0.00000e+00, -0.00000e+00,  0.00000e+00,  0.00000e+00,  0.00000e+00,
          0.00000e+00,  0.00000e+00,  0.00000e+00,  0.00000e+00, -0.00000e+00,
          0.00000e+00,  0.00000e+00,  0.00000e+00,  0.00000e+00,  0.00000e+00,
          0.00000e+00],
        [ 0.00000e+00,  0.00000e+00,  0.00000e+00,  0.00000e+00, -0.00000e+00,
          0.00000e+00, -0.00000e+00,  0.00000e+00,  0.00000e+00,  0.00000e+00,
          0.00000e+00,  0.00000e+00,  0.00000e+00,  0.00000e+00, -0.00000e+00,
          0.00000e+00,  0.00000e+00,  0.00000e+00,  0.00000e+00,  0.00000e+00,
          0.00000e+00],
        [ 0.00000e+00,  0.00000e+00,  0.00000e+00,  0.00000e+00, -0.00000e+00,
          0.00000e+00, -0.00000e+00,  0.00000e+00,  0.00000e+00,  0.00000e+00,
          0.00000e+00,  0.00000e+00,  0.00000e+00,  0.00000e+00, -0.00000e+00,
          0.00000e+00,  0.00000e+00,  0.00000e+00,  0.00000e+00,  0.00000e+00,
          0.00000e+00],
        [ 3.51256e+08,  0.00000e+00,  0.00000e+00,  0.00000e+00, -5.47185e+07,
          1.72562e+08, -3.24587e+08,  0.00000e+00,  3.44047e+08,  0.00000e+00,
          0.00000e+00,  0.00000e+00,  0.00000e+00,  5.74736e+08, -5.64252e+08,
          2.87077e+08,  0.00000e+00,  1.80381e+08,  1.14384e+08,  0.00000e+00,
          0.00000e+00],
        [ 0.00000e+00,  0.00000e+00,  0.00000e+00,  0.00000e+00, -0.00000e+00,
          0.00000e+00, -0.00000e+00,  0.00000e+00,  0.00000e+00,  0.00000e+00,
          0.00000e+00,  0.00000e+00,  0.00000e+00,  0.00000e+00, -0.00000e+00,
          0.00000e+00,  0.00000e+00,  0.00000e+00,  0.00000e+00,  0.00000e+00,
          0.00000e+00],
        [ 2.70318e+08,  0.00000e+00,  0.00000e+00,  0.00000e+00, -4.21100e+07,
          1.32799e+08, -2.49794e+08,  0.00000e+00,  2.64770e+08,  0.00000e+00,
          0.00000e+00,  0.00000e+00,  0.00000e+00,  4.42303e+08, -4.34234e+08,
          2.20927e+08,  0.00000e+00,  1.38817e+08,  8.80268e+07,  0.00000e+00,
          0.00000e+00],
        [ 2.09938e+09,  0.00000e+00,  0.00000e+00,  0.00000e+00, -3.27039e+08,
          1.03136e+09, -1.93998e+09,  0.00000e+00,  2.05629e+09,  0.00000e+00,
          0.00000e+00,  0.00000e+00,  0.00000e+00,  3.43506e+09, -3.37240e+09,
          1.71579e+09,  0.00000e+00,  1.07810e+09,  6.83644e+08,  0.00000e+00,
          0.00000e+00],
        [ 0.00000e+00,  0.00000e+00,  0.00000e+00,  0.00000e+00, -0.00000e+00,
          0.00000e+00, -0.00000e+00,  0.00000e+00,  0.00000e+00,  0.00000e+00,
          0.00000e+00,  0.00000e+00,  0.00000e+00,  0.00000e+00, -0.00000e+00,
          0.00000e+00,  0.00000e+00,  0.00000e+00,  0.00000e+00,  0.00000e+00,
          0.00000e+00],
        [ 1.84109e+08,  0.00000e+00,  0.00000e+00,  0.00000e+00, -2.86803e+07,
          9.04472e+07, -1.70130e+08,  0.00000e+00,  1.80330e+08,  0.00000e+00,
          0.00000e+00,  0.00000e+00,  0.00000e+00,  3.01244e+08, -2.95749e+08,
          1.50470e+08,  0.00000e+00,  9.45456e+07,  5.99534e+07,  0.00000e+00,
          0.00000e+00],
        [ 3.04525e+08,  0.00000e+00,  0.00000e+00,  0.00000e+00, -4.74386e+07,
          1.49604e+08, -2.81404e+08,  0.00000e+00,  2.98274e+08,  0.00000e+00,
          0.00000e+00,  0.00000e+00,  0.00000e+00,  4.98272e+08, -4.89183e+08,
          2.48884e+08,  0.00000e+00,  1.56383e+08,  9.91659e+07,  0.00000e+00,
          0.00000e+00],
        [ 2.07819e+09,  0.00000e+00,  0.00000e+00,  0.00000e+00, -3.23739e+08,
          1.02095e+09, -1.92041e+09,  0.00000e+00,  2.03553e+09,  0.00000e+00,
          0.00000e+00,  0.00000e+00,  0.00000e+00,  3.40040e+09, -3.33837e+09,
          1.69848e+09,  0.00000e+00,  1.06722e+09,  6.76745e+08,  0.00000e+00,
          0.00000e+00],
        [ 0.00000e+00,  0.00000e+00,  0.00000e+00,  0.00000e+00, -0.00000e+00,
          0.00000e+00, -0.00000e+00,  0.00000e+00,  0.00000e+00,  0.00000e+00,
          0.00000e+00,  0.00000e+00,  0.00000e+00,  0.00000e+00, -0.00000e+00,
          0.00000e+00,  0.00000e+00,  0.00000e+00,  0.00000e+00,  0.00000e+00,
          0.00000e+00],
        [ 0.00000e+00,  0.00000e+00,  0.00000e+00,  0.00000e+00, -0.00000e+00,
          0.00000e+00, -0.00000e+00,  0.00000e+00,  0.00000e+00,  0.00000e+00,
          0.00000e+00,  0.00000e+00,  0.00000e+00,  0.00000e+00, -0.00000e+00,
          0.00000e+00,  0.00000e+00,  0.00000e+00,  0.00000e+00,  0.00000e+00,
          0.00000e+00],
        [ 0.00000e+00,  0.00000e+00,  0.00000e+00,  0.00000e+00, -0.00000e+00,
          0.00000e+00, -0.00000e+00,  0.00000e+00,  0.00000e+00,  0.00000e+00,
          0.00000e+00,  0.00000e+00,  0.00000e+00,  0.00000e+00, -0.00000e+00,
          0.00000e+00,  0.00000e+00,  0.00000e+00,  0.00000e+00,  0.00000e+00,
          0.00000e+00]])	
tensor([[-1.53617e+09,  2.95503e+09,  2.11056e+09,  2.46687e+09,  1.70873e+08,
          0.00000e+00, -2.31417e+08,  0.00000e+00,  0.00000e+00, -7.49834e+08,
          0.00000e+00, -4.58628e+09,  0.00000e+00,  0.00000e+00,  0.00000e+00,
         -1.70483e+08, -3.73935e+08,  0.00000e+00,  5.09501e+08, -5.16101e+08,
          0.00000e+00],
        [-0.00000e+00,  0.00000e+00,  0.00000e+00,  0.00000e+00,  0.00000e+00,
          0.00000e+00, -0.00000e+00,  0.00000e+00,  0.00000e+00, -0.00000e+00,
          0.00000e+00, -0.00000e+00,  0.00000e+00,  0.00000e+00,  0.00000e+00,
         -0.00000e+00, -0.00000e+00,  0.00000e+00,  0.00000e+00, -0.00000e+00,
          0.00000e+00],
        [-0.00000e+00,  0.00000e+00,  0.00000e+00,  0.00000e+00,  0.00000e+00,
          0.00000e+00, -0.00000e+00,  0.00000e+00,  0.00000e+00, -0.00000e+00,
          0.00000e+00, -0.00000e+00,  0.00000e+00,  0.00000e+00,  0.00000e+00,
         -0.00000e+00, -0.00000e+00,  0.00000e+00,  0.00000e+00, -0.00000e+00,
          0.00000e+00],
        [-0.00000e+00,  0.00000e+00,  0.00000e+00,  0.00000e+00,  0.00000e+00,
          0.00000e+00, -0.00000e+00,  0.00000e+00,  0.00000e+00, -0.00000e+00,
          0.00000e+00, -0.00000e+00,  0.00000e+00,  0.00000e+00,  0.00000e+00,
         -0.00000e+00, -0.00000e+00,  0.00000e+00,  0.00000e+00, -0.00000e+00,
          0.00000e+00],
        [-3.41430e+08,  6.56786e+08,  4.69094e+08,  5.48286e+08,  3.79782e+07,
          0.00000e+00, -5.14347e+07,  0.00000e+00,  0.00000e+00, -1.66658e+08,
          0.00000e+00, -1.01935e+09,  0.00000e+00,  0.00000e+00,  0.00000e+00,
         -3.78916e+07, -8.31108e+07,  0.00000e+00,  1.13242e+08, -1.14709e+08,
          0.00000e+00],
        [-7.83506e+07,  1.50718e+08,  1.07647e+08,  1.25820e+08,  8.71515e+06,
          0.00000e+00, -1.18031e+07,  0.00000e+00,  0.00000e+00, -3.82444e+07,
          0.00000e+00, -2.33918e+08,  0.00000e+00,  0.00000e+00,  0.00000e+00,
         -8.69530e+06, -1.90721e+07,  0.00000e+00,  2.59865e+07, -2.63231e+07,
          0.00000e+00],
        [-6.19383e+08,  1.19147e+09,  8.50976e+08,  9.94638e+08,  6.88956e+07,
          0.00000e+00, -9.33069e+07,  0.00000e+00,  0.00000e+00, -3.02332e+08,
          0.00000e+00, -1.84918e+09,  0.00000e+00,  0.00000e+00,  0.00000e+00,
         -6.87387e+07, -1.50770e+08,  0.00000e+00,  2.05430e+08, -2.08091e+08,
          0.00000e+00],
        [-0.00000e+00,  0.00000e+00,  0.00000e+00,  0.00000e+00,  0.00000e+00,
          0.00000e+00, -0.00000e+00,  0.00000e+00,  0.00000e+00, -0.00000e+00,
          0.00000e+00, -0.00000e+00,  0.00000e+00,  0.00000e+00,  0.00000e+00,
         -0.00000e+00, -0.00000e+00,  0.00000e+00,  0.00000e+00, -0.00000e+00,
          0.00000e+00],
        [-1.32890e+09,  2.55632e+09,  1.82579e+09,  2.13402e+09,  1.47817e+08,
          0.00000e+00, -2.00192e+08,  0.00000e+00,  0.00000e+00, -6.48661e+08,
          0.00000e+00, -3.96747e+09,  0.00000e+00,  0.00000e+00,  0.00000e+00,
         -1.47480e+08, -3.23481e+08,  0.00000e+00,  4.40755e+08, -4.46465e+08,
          0.00000e+00],
        [-0.00000e+00,  0.00000e+00,  0.00000e+00,  0.00000e+00,  0.00000e+00,
          0.00000e+00, -0.00000e+00,  0.00000e+00,  0.00000e+00, -0.00000e+00,
          0.00000e+00, -0.00000e+00,  0.00000e+00,  0.00000e+00,  0.00000e+00,
         -0.00000e+00, -0.00000e+00,  0.00000e+00,  0.00000e+00, -0.00000e+00,
          0.00000e+00],
        [-0.00000e+00,  0.00000e+00,  0.00000e+00,  0.00000e+00,  0.00000e+00,
          0.00000e+00, -0.00000e+00,  0.00000e+00,  0.00000e+00, -0.00000e+00,
          0.00000e+00, -0.00000e+00,  0.00000e+00,  0.00000e+00,  0.00000e+00,
         -0.00000e+00, -0.00000e+00,  0.00000e+00,  0.00000e+00, -0.00000e+00,
          0.00000e+00],
        [-0.00000e+00,  0.00000e+00,  0.00000e+00,  0.00000e+00,  0.00000e+00,
          0.00000e+00, -0.00000e+00,  0.00000e+00,  0.00000e+00, -0.00000e+00,
          0.00000e+00, -0.00000e+00,  0.00000e+00,  0.00000e+00,  0.00000e+00,
         -0.00000e+00, -0.00000e+00,  0.00000e+00,  0.00000e+00, -0.00000e+00,
          0.00000e+00],
        [-0.00000e+00,  0.00000e+00,  0.00000e+00,  0.00000e+00,  0.00000e+00,
          0.00000e+00, -0.00000e+00,  0.00000e+00,  0.00000e+00, -0.00000e+00,
          0.00000e+00, -0.00000e+00,  0.00000e+00,  0.00000e+00,  0.00000e+00,
         -0.00000e+00, -0.00000e+00,  0.00000e+00,  0.00000e+00, -0.00000e+00,
          0.00000e+00],
        [-9.14143e+08,  1.75848e+09,  1.25595e+09,  1.46798e+09,  1.01683e+08,
          0.00000e+00, -1.37711e+08,  0.00000e+00,  0.00000e+00, -4.46210e+08,
          0.00000e+00, -2.72920e+09,  0.00000e+00,  0.00000e+00,  0.00000e+00,
         -1.01451e+08, -2.22521e+08,  0.00000e+00,  3.03193e+08, -3.07121e+08,
          0.00000e+00],
        [-8.61446e+08,  1.65711e+09,  1.18355e+09,  1.38336e+09,  9.58209e+07,
          0.00000e+00, -1.29772e+08,  0.00000e+00,  0.00000e+00, -4.20488e+08,
          0.00000e+00, -2.57187e+09,  0.00000e+00,  0.00000e+00,  0.00000e+00,
         -9.56027e+07, -2.09693e+08,  0.00000e+00,  2.85715e+08, -2.89416e+08,
          0.00000e+00],
        [-1.38545e+09,  2.66510e+09,  1.90348e+09,  2.22483e+09,  1.54107e+08,
          0.00000e+00, -2.08711e+08,  0.00000e+00,  0.00000e+00, -6.76265e+08,
          0.00000e+00, -4.13630e+09,  0.00000e+00,  0.00000e+00,  0.00000e+00,
         -1.53756e+08, -3.37247e+08,  0.00000e+00,  4.59511e+08, -4.65464e+08,
          0.00000e+00],
        [-0.00000e+00,  0.00000e+00,  0.00000e+00,  0.00000e+00,  0.00000e+00,
          0.00000e+00, -0.00000e+00,  0.00000e+00,  0.00000e+00, -0.00000e+00,
          0.00000e+00, -0.00000e+00,  0.00000e+00,  0.00000e+00,  0.00000e+00,
         -0.00000e+00, -0.00000e+00,  0.00000e+00,  0.00000e+00, -0.00000e+00,
          0.00000e+00],
        [-3.86044e+08,  7.42608e+08,  5.30390e+08,  6.19930e+08,  4.29408e+07,
          0.00000e+00, -5.81556e+07,  0.00000e+00,  0.00000e+00, -1.88435e+08,
          0.00000e+00, -1.15255e+09,  0.00000e+00,  0.00000e+00,  0.00000e+00,
         -4.28429e+07, -9.39709e+07,  0.00000e+00,  1.28039e+08, -1.29698e+08,
          0.00000e+00],
        [-1.65702e+08,  3.18751e+08,  2.27660e+08,  2.66093e+08,  1.84315e+07,
          0.00000e+00, -2.49622e+07,  0.00000e+00,  0.00000e+00, -8.08824e+07,
          0.00000e+00, -4.94709e+08,  0.00000e+00,  0.00000e+00,  0.00000e+00,
         -1.83895e+07, -4.03353e+07,  0.00000e+00,  5.49583e+07, -5.56703e+07,
          0.00000e+00],
        [-0.00000e+00,  0.00000e+00,  0.00000e+00,  0.00000e+00,  0.00000e+00,
          0.00000e+00, -0.00000e+00,  0.00000e+00,  0.00000e+00, -0.00000e+00,
          0.00000e+00, -0.00000e+00,  0.00000e+00,  0.00000e+00,  0.00000e+00,
         -0.00000e+00, -0.00000e+00,  0.00000e+00,  0.00000e+00, -0.00000e+00,
          0.00000e+00],
        [-0.00000e+00,  0.00000e+00,  0.00000e+00,  0.00000e+00,  0.00000e+00,
          0.00000e+00, -0.00000e+00,  0.00000e+00,  0.00000e+00, -0.00000e+00,
          0.00000e+00, -0.00000e+00,  0.00000e+00,  0.00000e+00,  0.00000e+00,
         -0.00000e+00, -0.00000e+00,  0.00000e+00,  0.00000e+00, -0.00000e+00,
          0.00000e+00]])	
tensor([[ 0.00000e+00,  0.00000e+00,  0.00000e+00,  2.48139e+07,  1.35529e+07,
          0.00000e+00, -4.55740e+06,  0.00000e+00,  3.93266e+07,  3.57996e+07,
          0.00000e+00, -1.57525e+07,  0.00000e+00,  1.83017e+07,  0.00000e+00,
          1.74800e+07,  1.83335e+07,  0.00000e+00,  0.00000e+00,  0.00000e+00,
         -2.35550e+07],
        [ 0.00000e+00,  0.00000e+00,  0.00000e+00,  9.37229e+08,  5.11896e+08,
          0.00000e+00, -1.72135e+08,  0.00000e+00,  1.48538e+09,  1.35216e+09,
          0.00000e+00, -5.94978e+08,  0.00000e+00,  6.91263e+08,  0.00000e+00,
          6.60225e+08,  6.92464e+08,  0.00000e+00,  0.00000e+00,  0.00000e+00,
         -8.89680e+08],
        [ 0.00000e+00,  0.00000e+00,  0.00000e+00,  2.45937e+09,  1.34326e+09,
          0.00000e+00, -4.51696e+08,  0.00000e+00,  3.89776e+09,  3.54819e+09,
          0.00000e+00, -1.56127e+09,  0.00000e+00,  1.81393e+09,  0.00000e+00,
          1.73248e+09,  1.81708e+09,  0.00000e+00,  0.00000e+00,  0.00000e+00,
         -2.33459e+09],
        [ 0.00000e+00,  0.00000e+00,  0.00000e+00,  7.55667e+08,  4.12730e+08,
          0.00000e+00, -1.38788e+08,  0.00000e+00,  1.19763e+09,  1.09022e+09,
          0.00000e+00, -4.79718e+08,  0.00000e+00,  5.57350e+08,  0.00000e+00,
          5.32324e+08,  5.58318e+08,  0.00000e+00,  0.00000e+00,  0.00000e+00,
         -7.17329e+08],
        [ 0.00000e+00,  0.00000e+00,  0.00000e+00,  7.48514e+08,  4.08824e+08,
          0.00000e+00, -1.37475e+08,  0.00000e+00,  1.18629e+09,  1.07990e+09,
          0.00000e+00, -4.75177e+08,  0.00000e+00,  5.52074e+08,  0.00000e+00,
          5.27286e+08,  5.53034e+08,  0.00000e+00,  0.00000e+00,  0.00000e+00,
         -7.10539e+08],
        [ 0.00000e+00,  0.00000e+00,  0.00000e+00,  0.00000e+00,  0.00000e+00,
          0.00000e+00, -0.00000e+00,  0.00000e+00,  0.00000e+00,  0.00000e+00,
          0.00000e+00, -0.00000e+00,  0.00000e+00,  0.00000e+00,  0.00000e+00,
          0.00000e+00,  0.00000e+00,  0.00000e+00,  0.00000e+00,  0.00000e+00,
         -0.00000e+00],
        [ 0.00000e+00,  0.00000e+00,  0.00000e+00,  4.01557e+08,  2.19323e+08,
          0.00000e+00, -7.37514e+07,  0.00000e+00,  6.36413e+08,  5.79336e+08,
          0.00000e+00, -2.54919e+08,  0.00000e+00,  2.96173e+08,  0.00000e+00,
          2.82874e+08,  2.96687e+08,  0.00000e+00,  0.00000e+00,  0.00000e+00,
         -3.81185e+08],
        [ 0.00000e+00,  0.00000e+00,  0.00000e+00,  0.00000e+00,  0.00000e+00,
          0.00000e+00, -0.00000e+00,  0.00000e+00,  0.00000e+00,  0.00000e+00,
          0.00000e+00, -0.00000e+00,  0.00000e+00,  0.00000e+00,  0.00000e+00,
          0.00000e+00,  0.00000e+00,  0.00000e+00,  0.00000e+00,  0.00000e+00,
         -0.00000e+00],
        [ 0.00000e+00,  0.00000e+00,  0.00000e+00,  0.00000e+00,  0.00000e+00,
          0.00000e+00, -0.00000e+00,  0.00000e+00,  0.00000e+00,  0.00000e+00,
          0.00000e+00, -0.00000e+00,  0.00000e+00,  0.00000e+00,  0.00000e+00,
          0.00000e+00,  0.00000e+00,  0.00000e+00,  0.00000e+00,  0.00000e+00,
         -0.00000e+00],
        [ 0.00000e+00,  0.00000e+00,  0.00000e+00,  2.85765e+08,  1.56079e+08,
          0.00000e+00, -5.24846e+07,  0.00000e+00,  4.52898e+08,  4.12280e+08,
          0.00000e+00, -1.81411e+08,  0.00000e+00,  2.10769e+08,  0.00000e+00,
          2.01305e+08,  2.11135e+08,  0.00000e+00,  0.00000e+00,  0.00000e+00,
         -2.71267e+08],
        [ 0.00000e+00,  0.00000e+00,  0.00000e+00,  0.00000e+00,  0.00000e+00,
          0.00000e+00, -0.00000e+00,  0.00000e+00,  0.00000e+00,  0.00000e+00,
          0.00000e+00, -0.00000e+00,  0.00000e+00,  0.00000e+00,  0.00000e+00,
          0.00000e+00,  0.00000e+00,  0.00000e+00,  0.00000e+00,  0.00000e+00,
         -0.00000e+00],
        [ 0.00000e+00,  0.00000e+00,  0.00000e+00,  3.18104e+08,  1.73742e+08,
          0.00000e+00, -5.84240e+07,  0.00000e+00,  5.04150e+08,  4.58936e+08,
          0.00000e+00, -2.01941e+08,  0.00000e+00,  2.34621e+08,  0.00000e+00,
          2.24086e+08,  2.35028e+08,  0.00000e+00,  0.00000e+00,  0.00000e+00,
         -3.01965e+08],
        [ 0.00000e+00,  0.00000e+00,  0.00000e+00,  0.00000e+00,  0.00000e+00,
          0.00000e+00, -0.00000e+00,  0.00000e+00,  0.00000e+00,  0.00000e+00,
          0.00000e+00, -0.00000e+00,  0.00000e+00,  0.00000e+00,  0.00000e+00,
          0.00000e+00,  0.00000e+00,  0.00000e+00,  0.00000e+00,  0.00000e+00,
         -0.00000e+00],
        [ 0.00000e+00,  0.00000e+00,  0.00000e+00,  0.00000e+00,  0.00000e+00,
          0.00000e+00, -0.00000e+00,  0.00000e+00,  0.00000e+00,  0.00000e+00,
          0.00000e+00, -0.00000e+00,  0.00000e+00,  0.00000e+00,  0.00000e+00,
          0.00000e+00,  0.00000e+00,  0.00000e+00,  0.00000e+00,  0.00000e+00,
         -0.00000e+00],
        [ 0.00000e+00,  0.00000e+00,  0.00000e+00,  0.00000e+00,  0.00000e+00,
          0.00000e+00, -0.00000e+00,  0.00000e+00,  0.00000e+00,  0.00000e+00,
          0.00000e+00, -0.00000e+00,  0.00000e+00,  0.00000e+00,  0.00000e+00,
          0.00000e+00,  0.00000e+00,  0.00000e+00,  0.00000e+00,  0.00000e+00,
         -0.00000e+00],
        [ 0.00000e+00,  0.00000e+00,  0.00000e+00,  3.60492e+08,  1.96893e+08,
          0.00000e+00, -6.62091e+07,  0.00000e+00,  5.71329e+08,  5.20090e+08,
          0.00000e+00, -2.28850e+08,  0.00000e+00,  2.65884e+08,  0.00000e+00,
          2.53946e+08,  2.66346e+08,  0.00000e+00,  0.00000e+00,  0.00000e+00,
         -3.42202e+08],
        [ 0.00000e+00,  0.00000e+00,  0.00000e+00,  5.38836e+08,  2.94302e+08,
          0.00000e+00, -9.89645e+07,  0.00000e+00,  8.53981e+08,  7.77392e+08,
          0.00000e+00, -3.42068e+08,  0.00000e+00,  3.97424e+08,  0.00000e+00,
          3.79579e+08,  3.98115e+08,  0.00000e+00,  0.00000e+00,  0.00000e+00,
         -5.11499e+08],
        [ 0.00000e+00,  0.00000e+00,  0.00000e+00,  0.00000e+00,  0.00000e+00,
          0.00000e+00, -0.00000e+00,  0.00000e+00,  0.00000e+00,  0.00000e+00,
          0.00000e+00, -0.00000e+00,  0.00000e+00,  0.00000e+00,  0.00000e+00,
          0.00000e+00,  0.00000e+00,  0.00000e+00,  0.00000e+00,  0.00000e+00,
         -0.00000e+00],
        [ 0.00000e+00,  0.00000e+00,  0.00000e+00,  2.42856e+08,  1.32643e+08,
          0.00000e+00, -4.46037e+07,  0.00000e+00,  3.84893e+08,  3.50374e+08,
          0.00000e+00, -1.54171e+08,  0.00000e+00,  1.79121e+08,  0.00000e+00,
          1.71078e+08,  1.79432e+08,  0.00000e+00,  0.00000e+00,  0.00000e+00,
         -2.30535e+08],
        [ 0.00000e+00,  0.00000e+00,  0.00000e+00,  3.49740e+08,  1.91021e+08,
          0.00000e+00, -6.42344e+07,  0.00000e+00,  5.54289e+08,  5.04578e+08,
          0.00000e+00, -2.22024e+08,  0.00000e+00,  2.57954e+08,  0.00000e+00,
          2.46372e+08,  2.58403e+08,  0.00000e+00,  0.00000e+00,  0.00000e+00,
         -3.31996e+08],
        [ 0.00000e+00,  0.00000e+00,  0.00000e+00,  0.00000e+00,  0.00000e+00,
          0.00000e+00, -0.00000e+00,  0.00000e+00,  0.00000e+00,  0.00000e+00,
          0.00000e+00, -0.00000e+00,  0.00000e+00,  0.00000e+00,  0.00000e+00,
          0.00000e+00,  0.00000e+00,  0.00000e+00,  0.00000e+00,  0.00000e+00,
         -0.00000e+00]])	
tensor([[0.00000e+00],
        [0.00000e+00],
        [0.00000e+00],
        [3.27372e+09],
        [1.43751e+09],
        [0.00000e+00],
        [8.39163e+09],
        [0.00000e+00],
        [2.21308e+09],
        [3.34226e+09],
        [0.00000e+00],
        [2.21720e+09],
        [0.00000e+00],
        [2.12264e+09],
        [0.00000e+00],
        [2.59988e+09],
        [6.59747e+09],
        [0.00000e+00],
        [0.00000e+00],
        [0.00000e+00],
        [8.98369e+08]])	
